Mumford
Plan