louder
makesomenoise