Bikini
BlackSheep
FAMILYbusiness
JiltedRoyalty
jilted
jiltedFamily
jiltedLife